001 0000
002 0000
003 0000
004 0000
005 0000
006 0000
007 0000
008 1000
009 0100
010 0000
011 0000
012 0000
013 0000
014 0000
015 0000
016 0010
017 0001
018 0000
019 0000
020 0000
021 0000
022 0000
023 0000
024 1000
025 0100
026 0000
027 0000
028 0000
029 0000
030 0000
031 0000
032 0010
033 0001
034 0000
035 0000
036 0000
037 0000
038 0000
039 0000
040 0010 << start of lyrics
041 1010
042 0010
043 0000
044 0000
045 0000
046 0000
047 0000
048 0000
049 0000
050 0000
051 0000
052 0010
053 1001
054 0010
055 0000
056 0000
057 0000
058 0000
059 0000
060 0000
061 0000
062 0000
063 0000
064 0001
065 1000
066 0000
067 0000
068 0001
069 0000
070 0001
071 0000
072 0010
073 1001
074 0010
075 0000
076 0001
077 0000
078 0001
079 0000
080 0010
081 1001
082 0010
083 0000
084 0001
085 0000
086 0010
087 0000
088 0100
089 0000
090 1000
091 0000
092 0100
093 0000
094 0010
095 0000
096 0101
097 1010
098 0101
099 0000
100 0000 <<Bridge
101 0000
102 0000
103 0000
104 0101
105 0011
106 0000
107 0000
108 0000
109 0000
110 0000
111 0000
112 0101
113 0011
114 0000
115 0000
116 0000
117 0000
118 0000
119 0000
120 0101
121 1100
122 0000
123 0000
124 1100
125 1100
126 0011
127 1100
128 1100 <<CHORUS
129 0000
130 0100
131 1001
132 0100
133 1001
134 0100
135 1001
136 0100
137 1001
138 0100
139 1001
140 0100
141 1001
142 0100
143 1001
144 0100
145 1001
146 0100
147 1001
148 0100
149 1001
150 0100
151 1001
152 0100
153 1001
154 0100
155 1001
156 0100
157 1001
158 0100
159 1001
160 0100
161 0000
162 0100
163 0000
164 0000
165 0000
166 0000
167 0000
168 0000
169 0110
170 0101
171 0000
172 0101
173 0000
174 0101
175 0000
176 0101
177 0000
178 0101
179 0000
180 0101
181 0000
182 0101
183 0000
184 0101
185 0000
186 0101
187 0000
188 0101
189 0000
190 0101
191 0000
192 0101
193 0000
194 0101
195 0000
196 0101
197 0000
198 0101
199 0000
200 0101 << Bridge again...
201 0101
202 0101
203 0000
204 0101
205 0000
206 0101
207 0000
208 0101
209 0000
210 0101
211 0000
212 0101
213 0000
214 0101
215 0000
216 0101
217 0000
218 0101
219 0000
220 0101
221 0000
222 0101
223 0000
224 0101
225 0000
226 0101
227 0000
228 0101
229 0000
230 0101 << Last Chorus...
231 0101
232 0101
233 0101
234 0101
235 0101
236 0101
237 0101
238 0101
239 0101
240 0101
241 0101
242 0101
243 0101
244 0101
245 0101
246 0101
247 0101
248 0101
249 0101
250 0101
251 0101
252 0101
253 0101
254 0101
255 0101
256 0101
257 0101
258 0101
259 0101
260 0101
261 0101
262 0101
263 0101
264 0101
265 0101
266 0101
267 0101
268 0101
269 0101
270 0101
271 0101
272 0101
273 0101
274 0101
275 0101
276 0101
277 0101
278 0101
279 0101
280 0101
281 0101
282 0101
283 0101
284 0101
285 0101
286 0101
287 0101
288 0101
289 0101
290 0101
291 0101
292 0101
293 0101
294 0101
295 0101
296 0101
297 0101
298 0101
299 0101
300 0101
301 0101
302 0000
303 0000
304 0000
305 0000
306 0000
307 0000
308 0000
309 0000
310 0000
311 0000
312 0000
313 0000
314 0000
315 0000
316 0000
317 0000
318 0000
319 0000
320 0000
321 0000
322 0000
323 0000
324 0000
325 0000
326 0000
327 0000
328 0000
329 0000
330 0000
331 0000
332 0000
333 0000
334 0000
335 0000 << Last bridge :D
336 0100
337 0101
338 0000
339 0000
340 0000
341 0000
342 0000
343 0000
344 0100
345 0100
346 0000
347 0000
348 0000
349 0000
350 0000
351 0000
352 0100
353 0101
354 0000
355 0000
356 0000
357 0000
358 0000
359 0000
360 0100
361 0101
362 0000
363 0000
364 0000
365 0000
366 0000
367 0000
368 0000
369 0000
370 0101
371 0011
372 0111
373 0011
374 0011
375 0011
376 0011
377 0011
378 0011
379 0011
380 0011
381 0011
382 1100
383 1100
384 1100
385 1100
386 1100
387 1100
388 1100
389 1100
390 1100
391 1100
392 1100
393 1100
394 1100
395 1100
396 0000
397 0100
398 0000
399 0101
400 0000
401 0100
402 0000
403 0101
404 0000
405 0100
406 0000
407 0101
408 0000
409 0100
410 0000
411 0101
412 0000
413 0100
414 0000
415 0101
416 0000
417 0100
418 0000
419 0101
420 0000
421 0100
422 0000
423 0101
424 0000
425 0100
426 0000
427 0101
428 0000
429 0100
430 0000
431 0101
432 0000
433 0100
434 0000
435 0101
436 0000
437 0100
438 0000
439 0101
440 0000
441 0100
442 0000
443 0101
444 0000
445 0100
446 0000
447 0101
448 0000
449 0100
450 0000
451 0101
452 0000
453 0100
454 0000
455 0101
456 0000
457 0100
458 0000
459 0000
460 0000
461 0000
462 0000
463 0000
464 0000
465 0000
466 0000
467 0000
468 0000
469 0000
470 0000
